MEME version 4.4

ALPHABET= ACGT

strands: + -

Background letter frequencies (from uniform background):
A 0.25000 C 0.25000 G 0.25000 T 0.25000 

MOTIF FZ_MYB52_01 FZ_MYB52_01

letter-probability matrix: alength= 4 w= 10 nsites= 20 E= 0
  0.641600	  0.078100	  0.168100	  0.112200	
  0.493200	  0.300600	  0.147100	  0.059100	
  0.237500	  0.519800	  0.102500	  0.140200	
  0.103890	  0.106689	  0.035196	  0.754225	
  0.924900	  0.013400	  0.031800	  0.029900	
  0.865913	  0.096990	  0.013899	  0.023198	
  0.016900	  0.923700	  0.031200	  0.028200	
  0.089100	  0.053000	  0.788800	  0.069100	
  0.129400	  0.022500	  0.787800	  0.060300	
  0.455100	  0.184400	  0.091900	  0.268600	

MOTIF FZ_MYB52_02 FZ_MYB52_02

letter-probability matrix: alength= 4 w= 10 nsites= 20 E= 0
  0.078808	  0.484948	  0.262426	  0.173817	
  0.028100	  0.021900	  0.930700	  0.019300	
  0.021100	  0.008900	  0.047800	  0.922200	
  0.013800	  0.025700	  0.013300	  0.947200	
  0.732900	  0.151800	  0.030500	  0.084800	
  0.022100	  0.031300	  0.916800	  0.029800	
  0.012800	  0.041400	  0.032700	  0.913100	
  0.018500	  0.026600	  0.065000	  0.889900	
  0.235800	  0.050600	  0.622300	  0.091300	
  0.151100	  0.454500	  0.166300	  0.228100	

MOTIF FZ_MYB59_01 FZ_MYB59_01

letter-probability matrix: alength= 4 w= 10 nsites= 20 E= 0
  0.591800	  0.048100	  0.161100	  0.199000	
  0.357300	  0.014300	  0.548400	  0.080000	
  0.017100	  0.007100	  0.114100	  0.861700	
  0.030800	  0.014300	  0.005800	  0.949100	
  0.873700	  0.039000	  0.016600	  0.070700	
  0.016600	  0.007900	  0.956400	  0.019100	
  0.024000	  0.010800	  0.947500	  0.017700	
  0.038600	  0.040400	  0.004600	  0.916400	
  0.552145	  0.267273	  0.022798	  0.157784	
  0.328200	  0.279600	  0.156100	  0.236100	

MOTIF FZ_MYB46_01 FZ_MYB46_01

letter-probability matrix: alength= 4 w= 10 nsites= 20 E= 0
  0.419300	  0.159300	  0.217000	  0.204400	
  0.080900	  0.002700	  0.911100	  0.005300	
  0.003300	  0.001500	  0.387400	  0.607800	
  0.006500	  0.007000	  0.001400	  0.985100	
  0.836200	  0.029900	  0.006200	  0.127700	
  0.003600	  0.003500	  0.991100	  0.001800	
  0.004700	  0.002700	  0.897990	  0.094609	
  0.002100	  0.032800	  0.001300	  0.963800	
  0.580200	  0.023800	  0.358400	  0.037600	
  0.255700	  0.222700	  0.372600	  0.149000	

MOTIF FZ_MYB46_02 FZ_MYB46_02

letter-probability matrix: alength= 4 w= 10 nsites= 20 E= 0
  0.160200	  0.289900	  0.240400	  0.309500	
  0.048300	  0.535800	  0.130300	  0.285600	
  0.919800	  0.032900	  0.025600	  0.021700	
  0.820700	  0.132100	  0.016000	  0.031200	
  0.007600	  0.962800	  0.009500	  0.020100	
  0.207500	  0.676500	  0.073100	  0.042900	
  0.821500	  0.006200	  0.159900	  0.012400	
  0.249200	  0.643500	  0.017700	  0.089600	
  0.058600	  0.719000	  0.031400	  0.191000	
  0.312500	  0.192800	  0.389000	  0.105700	

MOTIF FZ_MYB111_01 FZ_MYB111_01

letter-probability matrix: alength= 4 w= 10 nsites= 20 E= 0
  0.283872	  0.089891	  0.282872	  0.343366	
  0.228900	  0.004500	  0.756600	  0.010000	
  0.004600	  0.002000	  0.636400	  0.357000	
  0.003100	  0.011700	  0.004100	  0.981100	
  0.874300	  0.006700	  0.009900	  0.109100	
  0.017800	  0.003900	  0.976200	  0.002100	
  0.006200	  0.008200	  0.857600	  0.128000	
  0.005900	  0.003900	  0.004900	  0.985300	
  0.525300	  0.030200	  0.389700	  0.054800	
  0.072907	  0.324232	  0.455646	  0.147215	

MOTIF FZ_MYB111_02 FZ_MYB111_02

letter-probability matrix: alength= 4 w= 10 nsites= 20 E= 0
  0.573400	  0.098100	  0.109800	  0.218700	
  0.058900	  0.005000	  0.929500	  0.006600	
  0.007500	  0.003300	  0.849800	  0.139400	
  0.002600	  0.003500	  0.006400	  0.987500	
  0.588941	  0.005999	  0.031197	  0.373863	
  0.010399	  0.003600	  0.982502	  0.003500	
  0.002200	  0.013000	  0.728300	  0.256500	
  0.017800	  0.007900	  0.003400	  0.970900	
  0.299200	  0.016500	  0.681600	  0.002700	
  0.151885	  0.130487	  0.584042	  0.133587	

MOTIF FZ_MYB55_01 FZ_MYB55_01

letter-probability matrix: alength= 4 w= 10 nsites= 20 E= 0
  0.112400	  0.359300	  0.050400	  0.477900	
  0.980000	  0.001300	  0.015600	  0.003100	
  0.048400	  0.946000	  0.002000	  0.003600	
  0.002400	  0.989400	  0.002400	  0.005800	
  0.226577	  0.048995	  0.023098	  0.701330	
  0.978800	  0.000800	  0.016100	  0.004300	
  0.266673	  0.729827	  0.001000	  0.002500	
  0.002200	  0.957900	  0.001100	  0.038800	
  0.118488	  0.053795	  0.756124	  0.071593	
  0.249100	  0.276600	  0.300400	  0.173900	

MOTIF FZ_MYB55_02 FZ_MYB55_02

letter-probability matrix: alength= 4 w= 10 nsites= 20 E= 0
  0.081200	  0.539000	  0.140500	  0.239300	
  0.082408	  0.009001	  0.891089	  0.017502	
  0.016900	  0.009400	  0.697700	  0.276000	
  0.008099	  0.076492	  0.005899	  0.909509	
  0.105600	  0.031400	  0.691100	  0.171900	
  0.006800	  0.004100	  0.980900	  0.008200	
  0.006100	  0.012600	  0.444800	  0.536500	
  0.018600	  0.004700	  0.012900	  0.963800	
  0.100500	  0.046600	  0.828000	  0.024900	
  0.141314	  0.112111	  0.614261	  0.132313	

MOTIF FZ_CCA1_01 FZ_CCA1_01

letter-probability matrix: alength= 4 w= 10 nsites= 20 E= 0
  0.605000	  0.075300	  0.100100	  0.219600	
  0.934493	  0.001100	  0.010001	  0.054405	
  0.959700	  0.000800	  0.037300	  0.002200	
  0.985000	  0.004400	  0.009500	  0.001100	
  0.035000	  0.000200	  0.004900	  0.959900	
  0.992200	  0.004600	  0.001100	  0.002100	
  0.001100	  0.012399	  0.001000	  0.985501	
  0.004700	  0.991100	  0.000400	  0.003800	
  0.021198	  0.090791	  0.014299	  0.873713	
  0.171200	  0.205400	  0.113000	  0.510400	

MOTIF FZ_CCA1_02 FZ_CCA1_02

letter-probability matrix: alength= 4 w= 10 nsites= 20 E= 0
  0.458500	  0.120300	  0.209500	  0.211700	
  0.913500	  0.015100	  0.043800	  0.027600	
  0.012800	  0.006300	  0.953200	  0.027700	
  0.970300	  0.008300	  0.008800	  0.012600	
  0.013301	  0.005001	  0.013601	  0.968097	
  0.932600	  0.033800	  0.004200	  0.029400	
  0.018300	  0.344700	  0.012900	  0.624100	
  0.469000	  0.009200	  0.510100	  0.011700	
  0.406000	  0.257700	  0.231000	  0.105300	
  0.296770	  0.136386	  0.347565	  0.219278	

MOTIF FZ_RVE1_01 FZ_RVE1_01

letter-probability matrix: alength= 4 w= 10 nsites= 20 E= 0
  0.647600	  0.044900	  0.059900	  0.247600	
  0.911000	  0.004600	  0.023800	  0.060600	
  0.923700	  0.001700	  0.068400	  0.006200	
  0.975000	  0.004600	  0.007900	  0.012500	
  0.065093	  0.000600	  0.038196	  0.896110	
  0.984402	  0.012599	  0.001400	  0.001600	
  0.002100	  0.010700	  0.001000	  0.986200	
  0.010499	  0.976102	  0.000500	  0.012899	
  0.017102	  0.103610	  0.042704	  0.836584	
  0.088800	  0.201000	  0.276400	  0.433800	

MOTIF FZ_RVE1_02 FZ_RVE1_02

letter-probability matrix: alength= 4 w= 10 nsites= 20 E= 0
  0.203820	  0.305531	  0.288629	  0.202020	
  0.546400	  0.309200	  0.036900	  0.107500	
  0.652365	  0.089109	  0.156516	  0.102010	
  0.232800	  0.026700	  0.151100	  0.589400	
  0.909000	  0.041000	  0.030600	  0.019400	
  0.025103	  0.026103	  0.036704	  0.912091	
  0.059900	  0.890100	  0.036400	  0.013600	
  0.297400	  0.198800	  0.046200	  0.457600	
  0.608639	  0.164484	  0.131887	  0.094991	
  0.495050	  0.157484	  0.064994	  0.282472	

MOTIF FZ_ARR11_01 FZ_ARR11_01

letter-probability matrix: alength= 4 w= 10 nsites= 20 E= 0
  0.477900	  0.114900	  0.216100	  0.191100	
  0.625000	  0.051000	  0.054800	  0.269200	
  0.927000	  0.011300	  0.029400	  0.032300	
  0.004700	  0.002200	  0.982100	  0.011000	
  0.989301	  0.002100	  0.004200	  0.004400	
  0.007401	  0.003200	  0.001900	  0.987499	
  0.731700	  0.022200	  0.003600	  0.242500	
  0.003400	  0.832983	  0.001800	  0.161816	
  0.013500	  0.005300	  0.968400	  0.012800	
  0.187700	  0.217500	  0.504200	  0.090600	

MOTIF FZ_ARR11_02 FZ_ARR11_02

letter-probability matrix: alength= 4 w= 10 nsites= 20 E= 0
  0.291800	  0.195000	  0.270300	  0.242900	
  0.164916	  0.509951	  0.087009	  0.238124	
  0.226000	  0.105000	  0.636800	  0.032200	
  0.093991	  0.015998	  0.556144	  0.333867	
  0.833017	  0.010999	  0.011799	  0.144186	
  0.144186	  0.011799	  0.010999	  0.833017	
  0.333867	  0.556144	  0.015998	  0.093991	
  0.032200	  0.636800	  0.105000	  0.226000	
  0.238124	  0.087009	  0.509951	  0.164916	
  0.199120	  0.423642	  0.161716	  0.215522	

MOTIF FZ_ARR11_03 FZ_ARR11_03

letter-probability matrix: alength= 4 w= 10 nsites= 20 E= 0
  0.344134	  0.133713	  0.218422	  0.303730	
  0.679400	  0.065800	  0.116600	  0.138200	
  0.835300	  0.019300	  0.065900	  0.079500	
  0.049205	  0.016402	  0.734573	  0.199820	
  0.952300	  0.008100	  0.019300	  0.020300	
  0.020300	  0.019300	  0.008100	  0.952300	
  0.199820	  0.734573	  0.016402	  0.049205	
  0.079500	  0.065900	  0.019300	  0.835300	
  0.138200	  0.116600	  0.065800	  0.679400	
  0.220400	  0.197200	  0.306600	  0.275800	

MOTIF FZ_ARR14_01 FZ_ARR14_01

letter-probability matrix: alength= 4 w= 10 nsites= 20 E= 0
  0.531800	  0.093800	  0.123400	  0.251000	
  0.945400	  0.005100	  0.025700	  0.023800	
  0.002100	  0.000800	  0.984200	  0.012900	
  0.990699	  0.001000	  0.003300	  0.005001	
  0.002000	  0.002800	  0.002100	  0.993100	
  0.506500	  0.153800	  0.001000	  0.338700	
  0.001200	  0.959596	  0.001100	  0.038104	
  0.009500	  0.004700	  0.959600	  0.026200	
  0.083000	  0.484000	  0.400600	  0.032400	
  0.193981	  0.116088	  0.082192	  0.607739	

MOTIF FZ_ARR14_02 FZ_ARR14_02

letter-probability matrix: alength= 4 w= 10 nsites= 20 E= 0
  0.184700	  0.260200	  0.383600	  0.171500	
  0.255300	  0.544400	  0.079000	  0.121300	
  0.357000	  0.062300	  0.570400	  0.010300	
  0.129000	  0.005600	  0.627000	  0.238400	
  0.923608	  0.005899	  0.012399	  0.058094	
  0.058094	  0.012399	  0.005899	  0.923608	
  0.238400	  0.627000	  0.005600	  0.129000	
  0.010300	  0.570400	  0.062300	  0.357000	
  0.121300	  0.079000	  0.544400	  0.255300	
  0.157216	  0.478348	  0.189519	  0.174917	

MOTIF FZ_ARR14_03 FZ_ARR14_03

letter-probability matrix: alength= 4 w= 10 nsites= 20 E= 0
  0.104400	  0.383800	  0.419900	  0.091900	
  0.771000	  0.077000	  0.136300	  0.015700	
  0.902700	  0.009900	  0.083400	  0.004000	
  0.032500	  0.000600	  0.939600	  0.027300	
  0.981102	  0.001700	  0.013999	  0.003200	
  0.003200	  0.013999	  0.001700	  0.981102	
  0.027300	  0.939600	  0.000600	  0.032500	
  0.004000	  0.083400	  0.009900	  0.902700	
  0.015700	  0.136300	  0.077000	  0.771000	
  0.096590	  0.476552	  0.377662	  0.049195	

MOTIF FZ_GLK1_01 FZ_GLK1_01

letter-probability matrix: alength= 4 w= 10 nsites= 20 E= 0
  0.250400	  0.451900	  0.213800	  0.083900	
  0.249675	  0.035696	  0.626737	  0.087891	
  0.023100	  0.037300	  0.919800	  0.019800	
  0.949000	  0.010000	  0.036100	  0.004900	
  0.262126	  0.003800	  0.085309	  0.648765	
  0.648765	  0.085309	  0.003800	  0.262126	
  0.004900	  0.036100	  0.010000	  0.949000	
  0.019800	  0.919800	  0.037300	  0.023100	
  0.087891	  0.626737	  0.035696	  0.249675	
  0.377362	  0.131087	  0.189981	  0.301570	

MOTIF FZ_GLK1_02 FZ_GLK1_02

letter-probability matrix: alength= 4 w= 10 nsites= 20 E= 0
  0.301970	  0.170583	  0.450755	  0.076692	
  0.827300	  0.117600	  0.044400	  0.010700	
  0.136200	  0.031800	  0.765700	  0.066300	
  0.919800	  0.011200	  0.022900	  0.046100	
  0.775500	  0.005900	  0.004500	  0.214100	
  0.008100	  0.013500	  0.013700	  0.964700	
  0.024898	  0.937006	  0.007799	  0.030297	
  0.030900	  0.101800	  0.041000	  0.826300	
  0.220500	  0.049800	  0.536600	  0.193100	
  0.239924	  0.088009	  0.254125	  0.417942	

MOTIF FZ_KAN4_01 FZ_KAN4_01

letter-probability matrix: alength= 4 w= 10 nsites= 20 E= 0
  0.364636	  0.110511	  0.500850	  0.024002	
  0.010600	  0.010100	  0.965200	  0.014100	
  0.940800	  0.012000	  0.026200	  0.021000	
  0.905209	  0.001500	  0.001500	  0.091791	
  0.002400	  0.101600	  0.002700	  0.893300	
  0.893300	  0.002700	  0.101600	  0.002400	
  0.091791	  0.001500	  0.001500	  0.905209	
  0.021000	  0.026200	  0.012000	  0.940800	
  0.014100	  0.965200	  0.010100	  0.010600	
  0.113300	  0.278600	  0.219800	  0.388300	

MOTIF FZ_KAN4_02 FZ_KAN4_02

letter-probability matrix: alength= 4 w= 10 nsites= 20 E= 0
  0.010600	  0.010100	  0.965200	  0.014100	
  0.756000	  0.046300	  0.126900	  0.070800	
  0.664400	  0.003500	  0.002800	  0.329300	
  0.014500	  0.193300	  0.006400	  0.785800	
  0.953100	  0.002800	  0.040800	  0.003300	
  0.021400	  0.005800	  0.002200	  0.970600	
  0.036000	  0.019300	  0.010500	  0.934200	
  0.008100	  0.973200	  0.006100	  0.012600	
  0.009100	  0.574400	  0.122800	  0.293700	
  0.132600	  0.440800	  0.128800	  0.297800	

MOTIF FZ_KAN1_01 FZ_KAN1_01

letter-probability matrix: alength= 4 w= 10 nsites= 20 E= 0
  0.150400	  0.268300	  0.334200	  0.247100	
  0.433100	  0.129300	  0.237300	  0.200300	
  0.259100	  0.213300	  0.285100	  0.242500	
  0.617600	  0.016000	  0.043300	  0.323100	
  0.127900	  0.191800	  0.057500	  0.622800	
  0.898200	  0.014000	  0.068200	  0.019600	
  0.054300	  0.086800	  0.019300	  0.839600	
  0.035700	  0.146900	  0.169400	  0.648000	
  0.063294	  0.875712	  0.017498	  0.043496	
  0.054500	  0.193300	  0.471600	  0.280600	

MOTIF FZ_AT5G28300_01 FZ_AT5G28300_01

letter-probability matrix: alength= 4 w= 10 nsites= 20 E= 0
  0.239276	  0.376262	  0.208979	  0.175482	
  0.576042	  0.014299	  0.378562	  0.031097	
  0.011200	  0.931700	  0.026000	  0.031100	
  0.090000	  0.087100	  0.747800	  0.075100	
  0.005500	  0.006900	  0.982600	  0.005000	
  0.006201	  0.007301	  0.003200	  0.983298	
  0.749300	  0.012800	  0.127900	  0.110000	
  0.950700	  0.012700	  0.017800	  0.018800	
  0.608261	  0.154515	  0.041904	  0.195320	
  0.288129	  0.052705	  0.019302	  0.639864	

MOTIF FZ_RRTF1_01 FZ_RRTF1_01

letter-probability matrix: alength= 4 w= 10 nsites= 20 E= 0
  0.241700	  0.146900	  0.459300	  0.152100	
  0.038504	  0.287129	  0.661166	  0.013201	
  0.049900	  0.935700	  0.008000	  0.006400	
  0.003100	  0.004600	  0.989100	  0.003200	
  0.002700	  0.826600	  0.168500	  0.002200	
  0.012800	  0.981800	  0.002500	  0.002900	
  0.004000	  0.012599	  0.978402	  0.005000	
  0.038196	  0.861914	  0.013399	  0.086491	
  0.206579	  0.773123	  0.002500	  0.017798	
  0.690831	  0.020898	  0.209979	  0.078292	

MOTIF FZ_RRTF1_02 FZ_RRTF1_02

letter-probability matrix: alength= 4 w= 10 nsites= 20 E= 0
  0.070500	  0.459900	  0.431100	  0.038500	
  0.099110	  0.867287	  0.021502	  0.012101	
  0.003400	  0.006100	  0.987000	  0.003500	
  0.004700	  0.974303	  0.016598	  0.004400	
  0.012700	  0.980400	  0.003800	  0.003100	
  0.004200	  0.005299	  0.984802	  0.005699	
  0.027800	  0.907800	  0.017700	  0.046700	
  0.444244	  0.542454	  0.003700	  0.009601	
  0.902700	  0.018500	  0.027300	  0.051500	
  0.265500	  0.170200	  0.083100	  0.481200	

MOTIF FZ_RRTF1_03 FZ_RRTF1_03

letter-probability matrix: alength= 4 w= 10 nsites= 20 E= 0
  0.060206	  0.301530	  0.597360	  0.040904	
  0.052400	  0.919200	  0.018100	  0.010300	
  0.002600	  0.003700	  0.989001	  0.004700	
  0.004300	  0.967600	  0.025300	  0.002800	
  0.018702	  0.972397	  0.002600	  0.006301	
  0.008500	  0.008400	  0.978500	  0.004600	
  0.062400	  0.811000	  0.013600	  0.113000	
  0.170883	  0.766023	  0.004300	  0.058794	
  0.809419	  0.040096	  0.076892	  0.073593	
  0.214300	  0.081100	  0.031900	  0.672700	

MOTIF FZ_RAP2.3_01 FZ_RAP2.3_01

letter-probability matrix: alength= 4 w= 10 nsites= 20 E= 0
  0.253725	  0.132613	  0.463946	  0.149715	
  0.118600	  0.231500	  0.542600	  0.107300	
  0.147000	  0.761400	  0.033300	  0.058300	
  0.006600	  0.006500	  0.982200	  0.004700	
  0.005900	  0.746500	  0.243800	  0.003800	
  0.016400	  0.977000	  0.003800	  0.002800	
  0.005800	  0.002800	  0.976500	  0.014900	
  0.108800	  0.780200	  0.025700	  0.085300	
  0.257226	  0.664066	  0.005601	  0.073107	
  0.487400	  0.094500	  0.168200	  0.249900	

MOTIF FZ_RAP2.3_02 FZ_RAP2.3_02

letter-probability matrix: alength= 4 w= 10 nsites= 20 E= 0
  0.093409	  0.287029	  0.573057	  0.046505	
  0.341700	  0.565600	  0.036300	  0.056400	
  0.003800	  0.003400	  0.988600	  0.004200	
  0.004600	  0.960000	  0.027800	  0.007600	
  0.009799	  0.977202	  0.009099	  0.003900	
  0.005699	  0.013699	  0.972303	  0.008299	
  0.024000	  0.866000	  0.030000	  0.080000	
  0.280672	  0.669133	  0.005199	  0.044996	
  0.622462	  0.070307	  0.107811	  0.199420	
  0.383600	  0.166700	  0.092500	  0.357200	

MOTIF FZ_RAP2.3_03 FZ_RAP2.3_03

letter-probability matrix: alength= 4 w= 10 nsites= 20 E= 0
  0.135600	  0.163800	  0.650800	  0.049800	
  0.207300	  0.702900	  0.028400	  0.061400	
  0.004800	  0.001900	  0.989700	  0.003600	
  0.002300	  0.975198	  0.012401	  0.010101	
  0.081700	  0.914500	  0.001700	  0.002100	
  0.006700	  0.228800	  0.758400	  0.006100	
  0.157000	  0.698500	  0.040200	  0.104300	
  0.077800	  0.903700	  0.001700	  0.016800	
  0.728300	  0.036400	  0.060100	  0.175200	
  0.311400	  0.170400	  0.180400	  0.337800	

MOTIF FZ_RAP2.6_01 FZ_RAP2.6_01

letter-probability matrix: alength= 4 w= 10 nsites= 20 E= 0
  0.120900	  0.185600	  0.481000	  0.212500	
  0.034500	  0.270900	  0.680900	  0.013700	
  0.027100	  0.957900	  0.007000	  0.008000	
  0.007100	  0.002300	  0.988900	  0.001700	
  0.001500	  0.894089	  0.103510	  0.000900	
  0.011901	  0.984998	  0.002000	  0.001100	
  0.004100	  0.003200	  0.990000	  0.002700	
  0.019798	  0.946705	  0.013699	  0.019798	
  0.066200	  0.921300	  0.002500	  0.010000	
  0.302470	  0.025197	  0.611139	  0.061194	

MOTIF FZ_RAP2.6_02 FZ_RAP2.6_02

letter-probability matrix: alength= 4 w= 10 nsites= 20 E= 0
  0.377100	  0.362300	  0.072600	  0.188000	
  0.562800	  0.057700	  0.290500	  0.089000	
  0.052600	  0.004300	  0.935200	  0.007900	
  0.015898	  0.946005	  0.017298	  0.020798	
  0.012100	  0.936000	  0.044800	  0.007100	
  0.032400	  0.005000	  0.954600	  0.008000	
  0.051700	  0.774000	  0.071000	  0.103300	
  0.490751	  0.456454	  0.013499	  0.039296	
  0.675668	  0.151515	  0.011801	  0.161016	
  0.339000	  0.235400	  0.010900	  0.414700	

MOTIF FZ_RAP2.6_03 FZ_RAP2.6_03

letter-probability matrix: alength= 4 w= 10 nsites= 20 E= 0
  0.219500	  0.498700	  0.087800	  0.194000	
  0.690400	  0.094700	  0.079400	  0.135500	
  0.134100	  0.024200	  0.129600	  0.712100	
  0.142100	  0.008400	  0.715400	  0.134100	
  0.680100	  0.080000	  0.069700	  0.170200	
  0.010300	  0.975400	  0.003700	  0.010600	
  0.003100	  0.008400	  0.960300	  0.028200	
  0.010499	  0.010099	  0.968803	  0.010599	
  0.006900	  0.962000	  0.003000	  0.028100	
  0.498800	  0.167800	  0.017200	  0.316200	

MOTIF FZ_ATERF1_01 FZ_ATERF1_01

letter-probability matrix: alength= 4 w= 10 nsites= 20 E= 0
  0.046600	  0.028000	  0.839500	  0.085900	
  0.042800	  0.145600	  0.709900	  0.101700	
  0.186700	  0.602400	  0.146800	  0.064100	
  0.031503	  0.017702	  0.933093	  0.017702	
  0.039796	  0.483152	  0.377262	  0.099790	
  0.058300	  0.848000	  0.050300	  0.043400	
  0.064800	  0.092200	  0.734000	  0.109000	
  0.078900	  0.515000	  0.347200	  0.058900	
  0.065800	  0.800400	  0.096800	  0.037000	
  0.092100	  0.369200	  0.290500	  0.248200	

MOTIF FZ_ATERF1_02 FZ_ATERF1_02

letter-probability matrix: alength= 4 w= 10 nsites= 20 E= 0
  0.135000	  0.332300	  0.237500	  0.295200	
  0.140400	  0.147400	  0.115700	  0.596500	
  0.043900	  0.002500	  0.941700	  0.011900	
  0.028997	  0.898210	  0.059694	  0.013099	
  0.009400	  0.945500	  0.007100	  0.038000	
  0.038000	  0.007100	  0.945500	  0.009400	
  0.013099	  0.059694	  0.898210	  0.028997	
  0.011900	  0.941700	  0.002500	  0.043900	
  0.596500	  0.115700	  0.147400	  0.140400	
  0.352165	  0.193381	  0.291771	  0.162684	

MOTIF FZ_ERF1_01 FZ_ERF1_01

letter-probability matrix: alength= 4 w= 10 nsites= 20 E= 0
  0.376038	  0.116312	  0.280328	  0.227323	
  0.064600	  0.329100	  0.461300	  0.145000	
  0.146485	  0.824918	  0.009299	  0.019298	
  0.010300	  0.006200	  0.974300	  0.009200	
  0.007101	  0.957896	  0.025303	  0.009701	
  0.038000	  0.951100	  0.003600	  0.007300	
  0.017800	  0.002300	  0.971100	  0.008800	
  0.047800	  0.901700	  0.023000	  0.027500	
  0.014400	  0.970400	  0.005200	  0.010000	
  0.583400	  0.051800	  0.243000	  0.121800	

MOTIF FZ_DDF1_01 FZ_DDF1_01

letter-probability matrix: alength= 4 w= 10 nsites= 20 E= 0
  0.189981	  0.339966	  0.265673	  0.204380	
  0.978298	  0.002000	  0.015202	  0.004500	
  0.008901	  0.015002	  0.003400	  0.972697	
  0.005499	  0.000900	  0.990601	  0.003000	
  0.003100	  0.002700	  0.001800	  0.992400	
  0.002700	  0.991601	  0.001300	  0.004400	
  0.002300	  0.001600	  0.992001	  0.004100	
  0.169400	  0.000500	  0.828500	  0.001600	
  0.000800	  0.790100	  0.001200	  0.207900	
  0.276372	  0.305869	  0.289671	  0.128087	

MOTIF FZ_DREB2C_01 FZ_DREB2C_01

letter-probability matrix: alength= 4 w= 10 nsites= 20 E= 0
  0.139986	  0.044796	  0.671633	  0.143586	
  0.027103	  0.015502	  0.931093	  0.026303	
  0.004500	  0.959996	  0.005001	  0.030503	
  0.005801	  0.047305	  0.942694	  0.004200	
  0.021602	  0.004400	  0.971997	  0.002000	
  0.002000	  0.971997	  0.004400	  0.021602	
  0.004200	  0.942694	  0.047305	  0.005801	
  0.030503	  0.005001	  0.959996	  0.004500	
  0.026303	  0.931093	  0.015502	  0.027103	
  0.125500	  0.670300	  0.069900	  0.134300	

MOTIF FZ_DREB2C_02 FZ_DREB2C_02

letter-probability matrix: alength= 4 w= 10 nsites= 20 E= 0
  0.090209	  0.515252	  0.271327	  0.123212	
  0.109700	  0.756600	  0.120900	  0.012800	
  0.808800	  0.003400	  0.185100	  0.002700	
  0.004200	  0.984798	  0.003000	  0.008001	
  0.007400	  0.985600	  0.003200	  0.003800	
  0.008301	  0.003400	  0.984198	  0.004100	
  0.775722	  0.158284	  0.046995	  0.018998	
  0.005300	  0.977300	  0.004800	  0.012600	
  0.806300	  0.050300	  0.026700	  0.116700	
  0.303900	  0.089300	  0.112300	  0.494500	

MOTIF FZ_AT1G77200_01 FZ_AT1G77200_01

letter-probability matrix: alength= 4 w= 10 nsites= 20 E= 0
  0.061694	  0.557144	  0.151185	  0.229977	
  0.080100	  0.755100	  0.040100	  0.124700	
  0.746125	  0.001300	  0.251575	  0.001000	
  0.001900	  0.992700	  0.001100	  0.004300	
  0.002700	  0.993300	  0.001200	  0.002800	
  0.003700	  0.001300	  0.992901	  0.002100	
  0.988800	  0.002400	  0.001300	  0.007500	
  0.002200	  0.992101	  0.001000	  0.004700	
  0.887900	  0.002500	  0.101000	  0.008600	
  0.251900	  0.323500	  0.207000	  0.217600	

MOTIF FZ_ORA47_01 FZ_ORA47_01

letter-probability matrix: alength= 4 w= 10 nsites= 20 E= 0
  0.130887	  0.656934	  0.028697	  0.183482	
  0.581000	  0.000800	  0.412300	  0.005900	
  0.001200	  0.992800	  0.002200	  0.003800	
  0.006400	  0.990400	  0.001900	  0.001300	
  0.002400	  0.001700	  0.993499	  0.002400	
  0.718272	  0.008301	  0.065207	  0.208221	
  0.002800	  0.991400	  0.001000	  0.004800	
  0.043704	  0.943194	  0.000900	  0.012201	
  0.735374	  0.010401	  0.069807	  0.184418	
  0.636836	  0.133687	  0.053295	  0.176182	

MOTIF FZ_ORA47_02 FZ_ORA47_02

letter-probability matrix: alength= 4 w= 10 nsites= 20 E= 0
  0.174200	  0.054800	  0.304100	  0.466900	
  0.094900	  0.130100	  0.728400	  0.046600	
  0.014799	  0.931407	  0.009099	  0.044696	
  0.067593	  0.006399	  0.920608	  0.005399	
  0.004400	  0.962400	  0.029500	  0.003700	
  0.013099	  0.976002	  0.008299	  0.002600	
  0.011200	  0.002000	  0.974800	  0.012000	
  0.250000	  0.650500	  0.048100	  0.051400	
  0.040300	  0.926500	  0.008400	  0.024800	
  0.205721	  0.249925	  0.126613	  0.417742	

MOTIF FZ_DEAR4_01 FZ_DEAR4_01

letter-probability matrix: alength= 4 w= 10 nsites= 20 E= 0
  0.183400	  0.399900	  0.274200	  0.142500	
  0.022102	  0.955496	  0.011001	  0.011401	
  0.795000	  0.000400	  0.202200	  0.002400	
  0.002300	  0.993200	  0.002300	  0.002200	
  0.018200	  0.980400	  0.000600	  0.000800	
  0.001300	  0.002900	  0.992700	  0.003100	
  0.984900	  0.006200	  0.000900	  0.008000	
  0.003800	  0.987101	  0.000400	  0.008699	
  0.848300	  0.121800	  0.012200	  0.017700	
  0.121800	  0.324700	  0.073500	  0.480000	

MOTIF FZ_DEAR4_02 FZ_DEAR4_02

letter-probability matrix: alength= 4 w= 10 nsites= 20 E= 0
  0.288300	  0.221400	  0.365900	  0.124400	
  0.032700	  0.127500	  0.756600	  0.083200	
  0.021800	  0.941900	  0.014000	  0.022300	
  0.116600	  0.005000	  0.871600	  0.006800	
  0.005701	  0.911991	  0.078008	  0.004300	
  0.004100	  0.980600	  0.008900	  0.006400	
  0.009200	  0.006900	  0.952000	  0.031900	
  0.007899	  0.838016	  0.085091	  0.068993	
  0.033097	  0.859214	  0.015798	  0.091891	
  0.036500	  0.207600	  0.146700	  0.609200	

MOTIF FZ_DEAR3_01 FZ_DEAR3_01

letter-probability matrix: alength= 4 w= 10 nsites= 20 E= 0
  0.201300	  0.226700	  0.326500	  0.245500	
  0.147915	  0.787179	  0.024102	  0.040804	
  0.334900	  0.014600	  0.633500	  0.017000	
  0.027300	  0.888700	  0.057800	  0.026200	
  0.039004	  0.933693	  0.019202	  0.008101	
  0.065600	  0.043500	  0.864900	  0.026000	
  0.320068	  0.523748	  0.055494	  0.100690	
  0.069500	  0.827600	  0.068500	  0.034400	
  0.100100	  0.417000	  0.329200	  0.153700	
  0.318200	  0.234200	  0.150800	  0.296800	

MOTIF FZ_DEAR3_02 FZ_DEAR3_02

letter-probability matrix: alength= 4 w= 10 nsites= 20 E= 0
  0.111711	  0.334333	  0.275328	  0.278628	
  0.119200	  0.164400	  0.596100	  0.120300	
  0.592359	  0.094809	  0.113911	  0.198920	
  0.881500	  0.011100	  0.093000	  0.014400	
  0.013299	  0.962504	  0.009699	  0.014499	
  0.027200	  0.955900	  0.008300	  0.008600	
  0.031500	  0.017900	  0.940500	  0.010100	
  0.821000	  0.077000	  0.062000	  0.040000	
  0.017902	  0.957396	  0.004500	  0.020202	
  0.155384	  0.318268	  0.399760	  0.126587	

MOTIF FZ_TOE2_01 FZ_TOE2_01

letter-probability matrix: alength= 4 w= 10 nsites= 20 E= 0
  0.613200	  0.023200	  0.038800	  0.324800	
  0.002300	  0.913400	  0.002300	  0.082000	
  0.128800	  0.845500	  0.017100	  0.008600	
  0.004700	  0.004900	  0.005600	  0.984800	
  0.055100	  0.922200	  0.008200	  0.014500	
  0.006500	  0.005000	  0.983100	  0.005400	
  0.003800	  0.003400	  0.105200	  0.887600	
  0.976400	  0.011000	  0.002100	  0.010500	
  0.026497	  0.832717	  0.013599	  0.127187	
  0.185600	  0.239500	  0.237000	  0.337900	

MOTIF FZ_TOE2_02 FZ_TOE2_02

letter-probability matrix: alength= 4 w= 10 nsites= 20 E= 0
  0.444100	  0.109900	  0.091500	  0.354500	
  0.805100	  0.018700	  0.006500	  0.169700	
  0.870400	  0.002600	  0.005600	  0.121400	
  0.007599	  0.941206	  0.003300	  0.047895	
  0.122800	  0.790000	  0.074200	  0.013000	
  0.024698	  0.005799	  0.008499	  0.961004	
  0.764100	  0.023800	  0.188800	  0.023300	
  0.079200	  0.681600	  0.152700	  0.086500	
  0.006000	  0.004700	  0.978500	  0.010800	
  0.626000	  0.043300	  0.026200	  0.304500	

MOTIF FZ_TOE2_03 FZ_TOE2_03

letter-probability matrix: alength= 4 w= 10 nsites= 20 E= 0
  0.290000	  0.231800	  0.079300	  0.398900	
  0.637500	  0.028200	  0.013900	  0.320400	
  0.727700	  0.008300	  0.027100	  0.236900	
  0.020200	  0.869200	  0.007200	  0.103400	
  0.106600	  0.728500	  0.134000	  0.030900	
  0.039100	  0.009800	  0.010600	  0.940500	
  0.083900	  0.096100	  0.006600	  0.813400	
  0.919400	  0.013400	  0.019200	  0.048000	
  0.760000	  0.010600	  0.140200	  0.089200	
  0.301100	  0.156100	  0.032100	  0.510700	

MOTIF FZ_TOE1_01 FZ_TOE1_01

letter-probability matrix: alength= 4 w= 10 nsites= 20 E= 0
  0.685731	  0.018398	  0.017298	  0.278572	
  0.006500	  0.876000	  0.001500	  0.116000	
  0.128687	  0.836216	  0.018498	  0.016598	
  0.007399	  0.009399	  0.008199	  0.975002	
  0.046400	  0.928700	  0.016500	  0.008400	
  0.007201	  0.005301	  0.978598	  0.008901	
  0.011199	  0.001900	  0.182982	  0.803920	
  0.963996	  0.017702	  0.001600	  0.016702	
  0.046700	  0.807200	  0.047100	  0.099000	
  0.233700	  0.310300	  0.207000	  0.249000	

MOTIF FZ_TOE1_02 FZ_TOE1_02

letter-probability matrix: alength= 4 w= 10 nsites= 20 E= 0
  0.421800	  0.049800	  0.323200	  0.205200	
  0.749625	  0.029897	  0.035996	  0.184482	
  0.791879	  0.012501	  0.009101	  0.186519	
  0.033900	  0.916900	  0.021000	  0.028200	
  0.136400	  0.639300	  0.207500	  0.016800	
  0.040400	  0.027000	  0.007900	  0.924700	
  0.678400	  0.016500	  0.261900	  0.043200	
  0.075800	  0.630000	  0.253500	  0.040700	
  0.031500	  0.009000	  0.927300	  0.032200	
  0.907709	  0.025097	  0.009599	  0.057594	

MOTIF FZ_TOE1_03 FZ_TOE1_03

letter-probability matrix: alength= 4 w= 10 nsites= 20 E= 0
  0.259126	  0.135514	  0.101710	  0.503650	
  0.742926	  0.026097	  0.015698	  0.215278	
  0.846685	  0.016702	  0.020702	  0.115912	
  0.009400	  0.928200	  0.026600	  0.035800	
  0.016700	  0.831000	  0.130800	  0.021500	
  0.035400	  0.017500	  0.009700	  0.937400	
  0.032100	  0.029300	  0.020600	  0.918000	
  0.939000	  0.031900	  0.014700	  0.014400	
  0.835200	  0.011200	  0.105000	  0.048600	
  0.412000	  0.345400	  0.074500	  0.168100	

MOTIF FZ_WOX13_01 FZ_WOX13_01

letter-probability matrix: alength= 4 w= 10 nsites= 20 E= 0
  0.320100	  0.156300	  0.150500	  0.373100	
  0.538554	  0.027803	  0.316732	  0.116912	
  0.029500	  0.123400	  0.123400	  0.723700	
  0.024400	  0.932900	  0.007700	  0.035000	
  0.951000	  0.014900	  0.006200	  0.027900	
  0.958300	  0.007600	  0.014200	  0.019900	
  0.009700	  0.012500	  0.009500	  0.968300	
  0.009701	  0.864486	  0.014201	  0.111611	
  0.901690	  0.027503	  0.018902	  0.051905	
  0.399300	  0.153600	  0.207100	  0.240000	

MOTIF FZ_WOX13_02 FZ_WOX13_02

letter-probability matrix: alength= 4 w= 10 nsites= 20 E= 0
  0.216222	  0.231423	  0.186719	  0.365637	
  0.160284	  0.154885	  0.114189	  0.570643	
  0.195900	  0.166000	  0.043800	  0.594300	
  0.807300	  0.058800	  0.027900	  0.106000	
  0.807081	  0.022402	  0.092909	  0.077608	
  0.077608	  0.092909	  0.022402	  0.807081	
  0.106000	  0.027900	  0.058800	  0.807300	
  0.594300	  0.043800	  0.166000	  0.195900	
  0.570643	  0.114189	  0.154885	  0.160284	
  0.267527	  0.338234	  0.206721	  0.187519	

MOTIF FZ_ICU4_01 FZ_ICU4_01

letter-probability matrix: alength= 4 w= 10 nsites= 20 E= 0
  0.203320	  0.067707	  0.640764	  0.088209	
  0.093200	  0.171900	  0.059600	  0.675300	
  0.721800	  0.192700	  0.057100	  0.028400	
  0.925900	  0.032500	  0.015400	  0.026200	
  0.046105	  0.009601	  0.016502	  0.927793	
  0.274300	  0.062200	  0.282300	  0.381200	
  0.927793	  0.016502	  0.009601	  0.046105	
  0.026200	  0.015400	  0.032500	  0.925900	
  0.028400	  0.057100	  0.192700	  0.721800	
  0.675300	  0.059600	  0.171900	  0.093200	

MOTIF FZ_ATHB12_01 FZ_ATHB12_01

letter-probability matrix: alength= 4 w= 10 nsites= 20 E= 0
  0.216300	  0.178000	  0.235300	  0.370400	
  0.578800	  0.190700	  0.106600	  0.123900	
  0.667700	  0.046300	  0.052900	  0.233100	
  0.018298	  0.035196	  0.005499	  0.941006	
  0.048405	  0.200620	  0.633163	  0.117812	
  0.965100	  0.006600	  0.015200	  0.013100	
  0.009200	  0.008100	  0.017100	  0.965600	
  0.029700	  0.010500	  0.019300	  0.940500	
  0.128100	  0.018400	  0.765800	  0.087700	
  0.244000	  0.144800	  0.558200	  0.053000	

MOTIF FZ_ATHB51_01 FZ_ATHB51_01

letter-probability matrix: alength= 4 w= 10 nsites= 20 E= 0
  0.139400	  0.379700	  0.160800	  0.320100	
  0.691400	  0.253300	  0.004200	  0.051100	
  0.984900	  0.004700	  0.003700	  0.006700	
  0.002500	  0.007800	  0.001300	  0.988400	
  0.410900	  0.006200	  0.003400	  0.579500	
  0.990100	  0.001800	  0.005200	  0.002900	
  0.010000	  0.001600	  0.004100	  0.984300	
  0.004600	  0.018300	  0.012200	  0.964900	
  0.104590	  0.017598	  0.777322	  0.100490	
  0.324800	  0.258100	  0.208300	  0.208800	

MOTIF FZ_SPL1_01 FZ_SPL1_01

letter-probability matrix: alength= 4 w= 10 nsites= 20 E= 0
  0.312569	  0.133587	  0.285271	  0.268573	
  0.030700	  0.880200	  0.008000	  0.081100	
  0.010000	  0.923900	  0.012900	  0.053200	
  0.013800	  0.002000	  0.981900	  0.002300	
  0.001600	  0.008300	  0.005600	  0.984500	
  0.984500	  0.005600	  0.008300	  0.001600	
  0.002300	  0.981900	  0.002000	  0.013800	
  0.053200	  0.012900	  0.923900	  0.010000	
  0.081100	  0.008000	  0.880200	  0.030700	
  0.600500	  0.215200	  0.010200	  0.174100	

MOTIF FZ_SPL1_02 FZ_SPL1_02

letter-probability matrix: alength= 4 w= 10 nsites= 20 E= 0
  0.030700	  0.880200	  0.008000	  0.081100	
  0.053800	  0.627600	  0.047000	  0.271600	
  0.014800	  0.001000	  0.983200	  0.001000	
  0.001700	  0.005599	  0.001700	  0.991001	
  0.991500	  0.003800	  0.003800	  0.000900	
  0.002700	  0.992800	  0.001800	  0.002700	
  0.006900	  0.004400	  0.985500	  0.003200	
  0.013099	  0.002100	  0.978702	  0.006099	
  0.600500	  0.215200	  0.010200	  0.174100	
  0.336100	  0.404800	  0.093600	  0.165500	

MOTIF FZ_SPL7_01 FZ_SPL7_01

letter-probability matrix: alength= 4 w= 10 nsites= 20 E= 0
  0.080000	  0.432900	  0.242500	  0.244600	
  0.050900	  0.777200	  0.122700	  0.049200	
  0.041904	  0.026203	  0.912091	  0.019802	
  0.042896	  0.012099	  0.089391	  0.855614	
  0.885489	  0.061706	  0.022102	  0.030703	
  0.038696	  0.921808	  0.014499	  0.024998	
  0.065107	  0.105711	  0.797980	  0.031203	
  0.286000	  0.207900	  0.364600	  0.141500	
  0.117800	  0.613800	  0.041200	  0.227200	
  0.383200	  0.253200	  0.243300	  0.120300	

MOTIF FZ_WRKY18_01 FZ_WRKY18_01

letter-probability matrix: alength= 4 w= 10 nsites= 20 E= 0
  0.278600	  0.216900	  0.141500	  0.363000	
  0.135300	  0.575500	  0.069100	  0.220100	
  0.152715	  0.017102	  0.825883	  0.004300	
  0.005499	  0.007299	  0.974803	  0.012399	
  0.007200	  0.003800	  0.004400	  0.984600	
  0.007600	  0.983500	  0.003300	  0.005600	
  0.975400	  0.008900	  0.004600	  0.011100	
  0.920100	  0.008500	  0.013600	  0.057800	
  0.066000	  0.195400	  0.599100	  0.139500	
  0.144100	  0.495500	  0.284200	  0.076200	

MOTIF FZ_WRKY12_01 FZ_WRKY12_01

letter-probability matrix: alength= 4 w= 10 nsites= 20 E= 0
  0.209300	  0.351900	  0.183000	  0.255800	
  0.171983	  0.706929	  0.075492	  0.045595	
  0.069900	  0.032700	  0.818900	  0.078500	
  0.019900	  0.061900	  0.005400	  0.912800	
  0.010300	  0.015300	  0.028900	  0.945500	
  0.008100	  0.005700	  0.953600	  0.032600	
  0.970503	  0.005799	  0.010099	  0.013599	
  0.028900	  0.949400	  0.005400	  0.016300	
  0.024902	  0.722472	  0.101210	  0.151415	
  0.207100	  0.186600	  0.327000	  0.279300	

MOTIF FZ_WRKY45_01 FZ_WRKY45_01

letter-probability matrix: alength= 4 w= 10 nsites= 20 E= 0
  0.300900	  0.117300	  0.319400	  0.262400	
  0.060100	  0.875200	  0.025100	  0.039600	
  0.015200	  0.003600	  0.892100	  0.089100	
  0.006500	  0.017700	  0.001800	  0.974000	
  0.004200	  0.003200	  0.011100	  0.981500	
  0.004100	  0.003400	  0.985300	  0.007200	
  0.988300	  0.005200	  0.002300	  0.004200	
  0.005799	  0.986401	  0.002700	  0.005099	
  0.007700	  0.531200	  0.011100	  0.450000	
  0.644600	  0.119100	  0.129200	  0.107100	

MOTIF FZ_WRKY38_01 FZ_WRKY38_01

letter-probability matrix: alength= 4 w= 10 nsites= 20 E= 0
  0.187419	  0.305031	  0.313731	  0.193819	
  0.151500	  0.672200	  0.072700	  0.103600	
  0.068607	  0.027503	  0.849185	  0.054705	
  0.025500	  0.030500	  0.020700	  0.923300	
  0.008000	  0.022900	  0.039100	  0.930000	
  0.009300	  0.015700	  0.961300	  0.013700	
  0.954600	  0.016900	  0.010200	  0.018300	
  0.015900	  0.950700	  0.013200	  0.020200	
  0.015000	  0.679400	  0.016900	  0.288700	
  0.403000	  0.175200	  0.299800	  0.122000	

MOTIF FZ_ZAT2_01 FZ_ZAT2_01

letter-probability matrix: alength= 4 w= 10 nsites= 20 E= 0
  0.217378	  0.430157	  0.193881	  0.158584	
  0.099600	  0.443400	  0.241200	  0.215800	
  0.089200	  0.689600	  0.149700	  0.071500	
  0.898910	  0.002400	  0.017498	  0.081192	
  0.018900	  0.030800	  0.946800	  0.003500	
  0.003500	  0.946800	  0.030800	  0.018900	
  0.081192	  0.017498	  0.002400	  0.898910	
  0.071500	  0.149700	  0.689600	  0.089200	
  0.215800	  0.241200	  0.443400	  0.099600	
  0.167417	  0.375938	  0.388639	  0.068007	

MOTIF FZ_AT4G35610_01 FZ_AT4G35610_01

letter-probability matrix: alength= 4 w= 10 nsites= 20 E= 0
  0.306131	  0.143814	  0.362836	  0.187219	
  0.125200	  0.062700	  0.258200	  0.553900	
  0.076600	  0.685400	  0.128500	  0.109500	
  0.821500	  0.054500	  0.021700	  0.102300	
  0.031203	  0.020902	  0.872787	  0.075108	
  0.075108	  0.872787	  0.020902	  0.031203	
  0.102300	  0.021700	  0.054500	  0.821500	
  0.109500	  0.128500	  0.685400	  0.076600	
  0.553900	  0.258200	  0.062700	  0.125200	
  0.380900	  0.382900	  0.146800	  0.089400	

MOTIF FZ_ZAT6_01 FZ_ZAT6_01

letter-probability matrix: alength= 4 w= 10 nsites= 20 E= 0
  0.167717	  0.241124	  0.142914	  0.448245	
  0.038500	  0.042100	  0.056100	  0.863300	
  0.828300	  0.036700	  0.034200	  0.100800	
  0.850000	  0.038700	  0.024100	  0.087200	
  0.009800	  0.891600	  0.043900	  0.054700	
  0.879412	  0.008799	  0.015698	  0.096090	
  0.011300	  0.890800	  0.089500	  0.008400	
  0.023998	  0.017898	  0.011299	  0.946805	
  0.866600	  0.052900	  0.041900	  0.038600	
  0.289700	  0.285100	  0.219200	  0.206000	

MOTIF FZ_ZAT14_01 FZ_ZAT14_01

letter-probability matrix: alength= 4 w= 10 nsites= 20 E= 0
  0.122812	  0.560456	  0.110511	  0.206221	
  0.740700	  0.051000	  0.055700	  0.152600	
  0.012400	  0.320700	  0.647100	  0.019800	
  0.046800	  0.033900	  0.002800	  0.916500	
  0.277728	  0.024502	  0.624662	  0.073107	
  0.073107	  0.624662	  0.024502	  0.277728	
  0.916500	  0.002800	  0.033900	  0.046800	
  0.019800	  0.647100	  0.320700	  0.012400	
  0.152600	  0.055700	  0.051000	  0.740700	
  0.216300	  0.307400	  0.385800	  0.090500	

MOTIF FZ_ZAT18_01 FZ_ZAT18_01

letter-probability matrix: alength= 4 w= 10 nsites= 20 E= 0
  0.323668	  0.026697	  0.343966	  0.305669	
  0.709700	  0.038300	  0.077300	  0.174700	
  0.032903	  0.053405	  0.884888	  0.028803	
  0.031997	  0.183282	  0.064794	  0.719928	
  0.095600	  0.056200	  0.806400	  0.041800	
  0.041800	  0.806400	  0.056200	  0.095600	
  0.719928	  0.064794	  0.183282	  0.031997	
  0.028803	  0.884888	  0.053405	  0.032903	
  0.174700	  0.077300	  0.038300	  0.709700	
  0.504100	  0.122300	  0.249000	  0.124600	

MOTIF FZ_GATA12_01 FZ_GATA12_01

letter-probability matrix: alength= 4 w= 10 nsites= 20 E= 0
  0.150215	  0.209021	  0.221922	  0.418842	
  0.189600	  0.282500	  0.145900	  0.382000	
  0.599200	  0.111900	  0.229900	  0.059000	
  0.188900	  0.067300	  0.738300	  0.005500	
  0.968500	  0.002400	  0.021900	  0.007200	
  0.007200	  0.021900	  0.002400	  0.968500	
  0.005500	  0.738300	  0.067300	  0.188900	
  0.059000	  0.229900	  0.111900	  0.599200	
  0.382000	  0.145900	  0.282500	  0.189600	
  0.283400	  0.280400	  0.180100	  0.256100	

MOTIF FZ_YAB1_01 FZ_YAB1_01

letter-probability matrix: alength= 4 w= 10 nsites= 20 E= 0
  0.088600	  0.465400	  0.106700	  0.339300	
  0.641000	  0.033500	  0.042700	  0.282800	
  0.855986	  0.029703	  0.024302	  0.090009	
  0.044100	  0.019300	  0.036100	  0.900500	
  0.290900	  0.424500	  0.130600	  0.154000	
  0.911491	  0.007201	  0.046805	  0.034503	
  0.046200	  0.029700	  0.042800	  0.881300	
  0.729100	  0.082700	  0.113800	  0.074400	
  0.771977	  0.050305	  0.082508	  0.095210	
  0.143000	  0.187500	  0.101500	  0.568000	

MOTIF FZ_YAB5_01 FZ_YAB5_01

letter-probability matrix: alength= 4 w= 10 nsites= 20 E= 0
  0.278400	  0.229200	  0.222200	  0.270200	
  0.527100	  0.080000	  0.184000	  0.208900	
  0.776922	  0.086191	  0.054595	  0.082292	
  0.071493	  0.163184	  0.029197	  0.736126	
  0.175118	  0.237124	  0.536554	  0.051205	
  0.783178	  0.045105	  0.025503	  0.146215	
  0.105000	  0.179400	  0.053500	  0.662100	
  0.150200	  0.040700	  0.100000	  0.709100	
  0.731927	  0.165583	  0.062594	  0.039896	
  0.291929	  0.257926	  0.156216	  0.293929	

MOTIF FZ_DAG2_01 FZ_DAG2_01

letter-probability matrix: alength= 4 w= 10 nsites= 20 E= 0
  0.163716	  0.412741	  0.313831	  0.109711	
  0.756000	  0.025500	  0.182100	  0.036400	
  0.597860	  0.001200	  0.012001	  0.388939	
  0.990300	  0.000800	  0.003500	  0.005400	
